1768295840005 0.5 0
1768295841539 0.49802014604887634 5
1768295843091 0.47317499710714767 10
1768295848568 0.5160554343490777 15
1768295850136 0.5029999441352444 20
1768295851711 0.46021348927976163 25
1768295853300 0.47608339023583923 30
1768295854886 0.4517392428070236 35
1768295856469 0.44164253189505304 40
1768295858066 0.4278862631415728 45
1768295859650 0.43084149025414337 50
1768295861205 0.41039608796986854 55
1768295862735 0.34432035093852 60
1768295864240 0.3513865215433483 65
1768295865751 0.39498302115781 70
1768295867249 0.37875980642341256 75
1768295868725 0.38790462949272275 80
1768295870172 0.3877716214497431 85
1768295871669 0.37238416695775484 90
1768295873122 0.36056667078503574 95
1768295874573 0.3095218652339193 100
1768295876070 0.2764090915949075 105
1768295877569 0.3100836672083007 110
1768295879034 0.3375277261969694 115
1768295880550 0.3133628452565452 120
1768295882075 0.2568409917523647 125
1768295883570 0.27951708917147594 130
1768295885071 0.28225306892321755 135
1768295886596 0.2875144480150844 140
1768295888124 0.31641035766606235 145
1768295889669 0.28177797799853127 150
1768295891250 0.21982373273436992 155
1768295892910 0.20165835390929251 160
1768295894672 0.23716521615372854 165
1768295896368 0.2610172001721962 170
1768295898244 0.28441266033978224 175
1768295899953 0.3197721834499537 180
1768295901756 0.3260199395081918 185
1768295903796 0.331131201615153 190
1768295905790 0.32261955467104797 195
1768295907978 0.3185800029998372 200
1768295910188 0.3333465050824019 205
1768295913031 0.32517282930125624 210
1768295917055 0.3303341285628424 215
1768295921704 0.32632174264845776 220
1768295925877 0.3493384056924872 225
1768295931056 0.3254925414136949 230
1768295935518 0.2761399850855145 235
1768295940198 0.2857697787826715 240
1768295945131 0.2713675257651923 245
1768295949668 0.26120118202137294 250
1768295954543 0.2579929097994936 255
1768295959663 0.2868844962251278 260
1768295963235 0.2550092727447502 265
1768295965797 0.25502017383866005 270
1768295968212 0.219229684907015 275
1768295970910 0.23490617822137028 280
1768295974500 0.25378739696963853 285
1768295985337 0.2263568752731357 290
1768295988313 0.278198592681619 295
1768295991595 0.29619405946189514 300
1768295995473 0.283646937367285 305
1768295998762 0.32869721008194464 310
1768296004257 0.30938415798436486 315
1768296007539 0.3044100624282774 320
1768296011186 0.2910540456402745 325
1768296014705 0.28915793966956665 330
1768296017139 0.2943962126232204 335
1768296020547 0.27780826227090316 340
1768296025006 0.2723949300336831 345
1768296027430 0.2699657971746298 350
1768296029679 0.25709367558816076 355
1768296032260 0.2777045093723303 360
1768296034868 0.24492707607250694 365
1768296037662 0.2735737337771584 370
1768296040349 0.3128996090375385 375
1768296043405 0.29246096883737205 380
1768296045951 0.3097249628170317 385
1768296048412 0.2891859724171142 390
1768296050936 0.2811274272512568 395
1768296053583 0.23987802486504958 400
1768296056658 0.22309377562505753 405
1768296059592 0.20138387733335886 410
1768296062165 0.20127626655460515 415
1768296064707 0.2109372695622238 420
1768296067377 0.17775342229167934 425
1768296069923 0.16739072437503694 430
1768296073239 0.15012929556762533 435
1768296079120 0.15493308505293044 440
1768296081473 0.12060319023074523 445
1768296084163 0.09197124979090589 450
1768296086651 0.055437653774208936 455
1768296096613 0.022815852700768947 460
1768296119141 0.0 465
1768296123480 0.02751592390658522 470
1768296125720 0.002105321156513358 475
1768296127967 0.035515690717499444 480
1768296130404 0.04363077419299163 485
1768296132874 0.06707865506284896 490
1768296135081 0.05549033119455958 495
1768296138356 0.05678419734709943 500
1768296144893 0.06909628844021866 505
1768296147181 0.043787380705954435 510
1768296149400 0.06757078397175596 515
1768296151598 0.07461073401763013 520
1768296154006 0.08676438359293288 525
1768296156774 0.04216414483330949 530
1768296159005 0.0925958476268149 535
1768296161760 0.095762306538371 540
1768296163956 0.1103458403675196 545
1768296166047 0.05563028106382743 550
1768296168353 0.052514300616669424 555
1768296170529 0.031024327715723537 560
