1768295839996 8.0 0
1768295841454 23.0 5
1768295843059 28.0 10
1768295848539 33.0 15
1768295850106 38.0 20
1768295851682 41.0 25
1768295853270 41.0 30
1768295854855 40.0 35
1768295856439 47.0 40
1768295858036 55.0 45
1768295859621 60.0 50
1768295861175 58.0 55
1768295862705 54.0 60
1768295864209 60.0 65
1768295865720 75.0 70
1768295867218 83.0 75
1768295868696 89.0 80
1768295870141 98.0 85
1768295871635 124.0 90
1768295873092 152.0 95
1768295874543 176.0 100
1768295875992 190.0 105
1768295877536 218.0 110
1768295879002 258.0 115
1768295880504 279.0 120
1768295882044 305.0 125
1768295883537 336.0 130
1768295885039 363.0 135
1768295886566 400.0 140
1768295888092 437.0 145
1768295889641 474.0 150
1768295891215 527.0 155
1768295892877 570.0 160
1768295894498 599.0 165
1768295896327 632.0 170
1768295898213 696.0 175
1768295899924 767.0 180
1768295901711 845.0 185
1768295903728 911.0 190
1768295905746 992.0 195
1768295907923 1066.0 200
1768295910128 1140.0 205
1768295912831 1211.0 210
1768295916967 1295.0 215
1768295921621 1380.0 220
1768295925660 1465.0 225
1768295930815 1538.0 230
1768295935417 1612.0 235
1768295940110 1682.0 240
1768295944871 1740.0 245
1768295949533 1798.0 250
1768295954425 1862.0 255
1768295959277 1920.0 260
1768295963188 1972.0 265
1768295965762 2017.0 270
1768295968171 2070.0 275
1768295970867 2125.0 280
1768295974449 2161.0 285
1768295985302 2206.0 290
1768295988270 2229.0 295
1768295991540 2254.0 300
1768295995441 2286.0 305
1768295998154 2318.0 310
1768296004207 2340.0 315
1768296007426 2351.0 320
1768296010939 2361.0 325
1768296014676 2364.0 330
1768296017107 2377.0 335
1768296020427 2389.0 340
1768296024971 2398.0 345
1768296027399 2400.0 350
1768296029648 2401.0 355
1768296032227 2402.0 360
1768296034824 2410.0 365
1768296037629 2416.0 370
1768296040292 2426.0 375
1768296043350 2437.0 380
1768296045918 2442.0 385
1768296048381 2449.0 390
1768296050904 2455.0 395
1768296053549 2462.0 400
1768296056591 2461.0 405
1768296059558 2460.0 410
1768296062112 2460.0 415
1768296064667 2459.0 420
1768296067343 2455.0 425
1768296069879 2459.0 430
1768296073131 2458.0 435
1768296079082 2449.0 440
1768296081438 2441.0 445
1768296084131 2433.0 450
1768296086611 2430.0 455
1768296096576 2427.0 460
1768296119017 2418.0 465
1768296123447 2400.0 470
1768296125686 2384.0 475
1768296127932 2365.0 480
1768296130375 2351.0 485
1768296132836 2318.0 490
1768296135049 2284.0 495
1768296138204 2250.0 500
1768296144863 2227.0 505
1768296147147 2200.0 510
1768296149368 2159.0 515
1768296151555 2132.0 520
1768296153967 2105.0 525
1768296156671 2069.0 530
1768296158974 2045.0 535
1768296161713 1999.0 540
1768296163923 1956.0 545
1768296166013 1918.0 550
1768296168318 1864.0 555
1768296170483 1816.0 560
