1768295839991 15.0 0
1768295841437 15.0 5
1768295843042 15.0 10
1768295848524 15.0 15
1768295850091 15.0 20
1768295851667 15.0 25
1768295853255 15.0 30
1768295854838 15.0 35
1768295856423 15.0 40
1768295858019 15.0 45
1768295859604 15.0 50
1768295861157 15.0 55
1768295862687 15.0 60
1768295864193 0.0 65
1768295865704 0.0 70
1768295867203 0.0 75
1768295868677 0.0 80
1768295870125 0.0 85
1768295871610 0.0 90
1768295873076 0.0 95
1768295874527 0.0 100
1768295875976 0.0 105
1768295877519 0.0 110
1768295878985 0.0 115
1768295880479 0.0 120
1768295882011 0.0 125
1768295883523 0.0 130
1768295885023 0.0 135
1768295886550 0.0 140
1768295888077 0.0 145
1768295889624 0.0 150
1768295891196 0.0 155
1768295892861 0.0 160
1768295894455 0.0 165
1768295896305 0.0 170
1768295898196 0.0 175
1768295899906 0.0 180
1768295901689 0.0 185
1768295903671 0.0 190
1768295905724 0.0 195
1768295907889 0.0 200
1768295910096 0.0 205
1768295912567 0.0 210
1768295916924 0.0 215
1768295921569 0.0 220
1768295925613 0.0 225
1768295930754 0.0 230
1768295935384 0.0 235
1768295940047 0.0 240
1768295944831 0.0 245
1768295949485 0.0 250
1768295954339 0.0 255
1768295959236 0.0 260
1768295963167 0.0 265
1768295965743 0.0 270
1768295968152 0.0 275
1768295970845 0.0 280
1768295974421 0.0 285
1768295985284 0.0 290
1768295988251 0.0 295
1768295991513 0.0 300
1768295995426 0.0 305
1768295998018 0.0 310
1768296004179 0.0 315
1768296007377 0.0 320
1768296010698 0.0 325
1768296014659 0.0 330
1768296017089 0.0 335
1768296020382 0.0 340
1768296024953 0.0 345
1768296027384 0.0 350
1768296029632 0.0 355
1768296032211 0.0 360
1768296034798 0.0 365
1768296037613 0.0 370
1768296040262 0.0 375
1768296043316 0.0 380
1768296045899 0.0 385
1768296048363 0.0 390
1768296050888 0.0 395
1768296053531 0.0 400
1768296056548 0.0 405
1768296059537 0.0 410
1768296062088 0.0 415
1768296064645 0.0 420
1768296067327 0.0 425
1768296069856 0.0 430
1768296073087 0.0 435
1768296079063 0.0 440
1768296081420 0.0 445
1768296084115 0.0 450
1768296086591 0.0 455
1768296096557 0.0 460
1768296118955 0.0 465
1768296123430 0.0 470
1768296125668 0.0 475
1768296127914 0.0 480
1768296130359 0.0 485
1768296132813 0.0 490
1768296135033 0.0 495
1768296138127 0.0 500
1768296144845 0.0 505
1768296147128 0.0 510
1768296149351 0.0 515
1768296151539 0.0 520
1768296153945 0.0 525
1768296156634 0.0 530
1768296158956 0.0 535
1768296161686 0.0 540
1768296163907 0.0 545
1768296165995 0.0 550
1768296168299 0.0 555
1768296170458 0.0 560
