1768295840001 11.0 0
1768295841493 25.0 5
1768295843075 31.0 10
1768295848554 35.0 15
1768295850123 38.0 20
1768295851697 40.0 25
1768295853286 41.0 30
1768295854870 41.0 35
1768295856455 39.0 40
1768295858050 38.0 45
1768295859635 35.0 50
1768295861191 31.0 55
1768295862720 28.0 60
1768295864225 25.0 65
1768295865737 20.0 70
1768295867234 17.0 75
1768295868710 14.0 80
1768295870157 8.0 85
1768295871650 7.0 90
1768295873107 7.0 95
1768295874558 5.0 100
1768295876052 4.0 105
1768295877549 4.0 110
1768295879017 3.0 115
1768295880524 2.0 120
1768295882058 2.0 125
1768295883552 2.0 130
1768295885054 2.0 135
1768295886581 2.0 140
1768295888109 2.0 145
1768295889655 2.0 150
1768295891231 2.0 155
1768295892892 2.0 160
1768295894605 2.0 165
1768295896347 2.0 170
1768295898228 1.0 175
1768295899939 1.0 180
1768295901733 1.0 185
1768295903765 1.0 190
1768295905767 1.0 195
1768295907951 1.0 200
1768295910160 1.0 205
1768295912948 1.0 210
1768295917011 1.0 215
1768295921660 1.0 220
1768295925814 0.0 225
1768295930981 0.0 230
1768295935467 0.0 235
1768295940153 0.0 240
1768295944935 0.0 245
1768295949600 0.0 250
1768295954500 0.0 255
1768295959342 0.0 260
1768295963214 0.0 265
1768295965778 0.0 270
1768295968191 0.0 275
1768295970889 0.0 280
1768295974475 0.0 285
1768295985320 0.0 290
1768295988292 0.0 295
1768295991568 0.0 300
1768295995458 0.0 305
1768295998580 0.0 310
1768296004234 0.0 315
1768296007486 0.0 320
1768296011040 0.0 325
1768296014691 1.0 330
1768296017121 1.0 335
1768296020498 1.0 340
1768296024989 1.0 345
1768296027415 1.0 350
1768296029664 1.0 355
1768296032245 1.0 360
1768296034846 1.0 365
1768296037647 1.0 370
1768296040322 1.0 375
1768296043378 1.0 380
1768296045935 1.0 385
1768296048397 1.0 390
1768296050921 1.0 395
1768296053565 1.0 400
1768296056627 1.0 405
1768296059574 1.0 410
1768296062139 0.0 415
1768296064685 0.0 420
1768296067362 0.0 425
1768296069902 0.0 430
1768296073180 0.0 435
1768296079102 0.0 440
1768296081455 0.0 445
1768296084148 1.0 450
1768296086631 1.0 455
1768296096594 1.0 460
1768296119081 1.0 465
1768296123464 1.0 470
1768296125703 3.0 475
1768296127948 3.0 480
1768296130389 3.0 485
1768296132855 3.0 490
1768296135065 3.0 495
1768296138290 3.0 500
1768296144878 3.0 505
1768296147163 3.0 510
1768296149384 3.0 515
1768296151576 3.0 520
1768296153988 3.0 525
1768296156723 3.0 530
1768296158990 3.0 535
1768296161736 3.0 540
1768296163939 3.0 545
1768296166030 3.0 550
1768296168334 2.0 555
1768296170506 2.0 560
