1768289873154 0.5 0
1768289875937 0.5097134252106019 5
1768289877360 0.5336995373163693 10
1768289878750 0.517061632260424 15
1768289880090 0.5644609608932074 20
1768289881456 0.6144568441630704 25
1768289882824 0.6033239262412503 30
1768289884190 0.5594121115759403 35
1768289885557 0.5527223633548639 40
1768289886922 0.5780317664594752 45
1768289888288 0.6047220821322012 50
1768289889653 0.5977083293463935 55
1768289891020 0.6189524975325619 60
1768289892387 0.5648862345369775 65
1768289893754 0.5959174021994537 70
1768289895122 0.5743924406299991 75
1768289896492 0.5782069990135986 80
1768289897860 0.5603111970751873 85
1768289899228 0.6055088552486984 90
1768289900596 0.5947710803966169 95
1768289901964 0.5858231086495589 100
1768289903330 0.6071218643758676 105
1768289904697 0.5948909014873746 110
1768289906062 0.6157809107563376 115
1768289908426 0.6671106086509533 120
1768289909795 0.6883649639514974 125
1768289911163 0.7094151269335794 130
1768289912534 0.6645373130212479 135
1768289913907 0.6853061567128964 140
1768289915282 0.7001144473805209 145
1768289916658 0.6937721866620764 150
1768289918033 0.6467010806454521 155
1768289919410 0.6007706420178195 160
1768289920785 0.6006363945343677 165
1768289922167 0.626948278194702 170
1768289923544 0.6489098520979711 175
1768289924919 0.6619908740931121 180
1768289926291 0.6248911301191314 185
1768289927670 0.6692318529848256 190
1768289929038 0.6903650894283505 195
1768289930408 0.6979618572395919 200
1768289931781 0.6876279020530953 205
1768289933153 0.6164395859447742 210
1768289934523 0.6438473667288208 215
1768289935894 0.6291519917130854 220
1768289937263 0.6306846410313833 225
1768289938634 0.6406752162659108 230
1768289940047 0.6521626788326271 235
1768289941420 0.6740782974288855 240
1768289942792 0.6802435954368977 245
1768289944167 0.7243195624228378 250
1768289945543 0.7385106206484682 255
1768289946914 0.7624367622415249 260
1768289948287 0.7840097917683772 265
1768289949658 0.7899125042352634 270
1768289951031 0.8255120982004017 275
1768289952405 0.8394920637066376 280
1768289953776 0.8824380332136944 285
1768289955148 0.8899625807178275 290
1768289956521 0.8902225124579011 295
1768289957894 0.9236260659688185 300
1768289959267 0.9248483330516586 305
1768289960670 0.939275958445001 310
1768289962066 0.928653759182783 315
1768289963441 0.9274433241969705 320
1768289964812 0.9351396086049337 325
1768289968168 0.8817870242067608 330
1768289969555 0.9096275212664989 335
1768289970926 0.8699149647486043 340
1768289972299 0.8229257273972136 345
1768289973675 0.8371677790206998 350
1768289975050 0.8128006104436287 355
1768289976422 0.7575759757590684 360
1768289977792 0.7099524014103035 365
1768289979165 0.7031226472249189 370
1768289980538 0.7134589385973912 375
1768289981907 0.6779222843322824 380
1768289983283 0.6387962162376586 385
1768289984656 0.6137129500487596 390
1768289986032 0.5893473588232123 395
1768289987408 0.6482927695841769 400
1768289988785 0.6552348232615105 405
1768289990159 0.6542689059989427 410
1768289991531 0.6652657447642981 415
1768289992906 0.6937379766547677 420
1768289994274 0.6818506101370715 425
1768289995652 0.6656401799853161 430
1768289997024 0.6622793899657631 435
1768289998400 0.6722481942823291 440
1768289999774 0.7289601369823032 445
1768290001149 0.7447856942231318 450
1768290002523 0.7495014178799829 455
1768290003916 0.7226895645750127 460
1768290005294 0.7273396799134247 465
1768290006680 0.7522102639297679 470
