1768289873141 8.0 0
1768289875918 16.0 5
1768289877340 18.0 10
1768289878742 20.0 15
1768289880082 22.0 20
1768289881448 24.0 25
1768289882816 27.0 30
1768289884182 28.0 35
1768289885549 28.0 40
1768289886914 28.0 45
1768289888280 28.0 50
1768289889645 28.0 55
1768289891012 27.0 60
1768289892379 28.0 65
1768289893746 30.0 70
1768289895114 31.0 75
1768289896483 34.0 80
1768289897851 35.0 85
1768289899219 35.0 90
1768289900587 35.0 95
1768289901956 35.0 100
1768289903322 35.0 105
1768289904688 35.0 110
1768289906054 35.0 115
1768289908418 36.0 120
1768289909787 38.0 125
1768289911155 42.0 130
1768289912526 46.0 135
1768289913899 52.0 140
1768289915274 53.0 145
1768289916649 53.0 150
1768289918024 53.0 155
1768289919402 53.0 160
1768289920776 54.0 165
1768289922159 58.0 170
1768289923536 59.0 175
1768289924910 60.0 180
1768289926282 60.0 185
1768289927660 61.0 190
1768289929028 61.0 195
1768289930399 61.0 200
1768289931772 61.0 205
1768289933144 61.0 210
1768289934513 62.0 215
1768289935885 62.0 220
1768289937254 61.0 225
1768289938623 60.0 230
1768289940037 61.0 235
1768289941411 62.0 240
1768289942782 64.0 245
1768289944158 63.0 250
1768289945534 65.0 255
1768289946905 65.0 260
1768289948277 65.0 265
1768289949648 65.0 270
1768289951021 65.0 275
1768289952395 65.0 280
1768289953766 67.0 285
1768289955138 67.0 290
1768289956511 67.0 295
1768289957884 68.0 300
1768289959256 70.0 305
1768289960660 70.0 310
1768289962056 70.0 315
1768289963431 69.0 320
1768289964801 69.0 325
1768289968158 69.0 330
1768289969544 68.0 335
1768289970916 68.0 340
1768289972288 71.0 345
1768289973665 71.0 350
1768289975040 71.0 355
1768289976411 71.0 360
1768289977782 73.0 365
1768289979155 74.0 370
1768289980528 74.0 375
1768289981897 74.0 380
1768289983272 76.0 385
1768289984645 80.0 390
1768289986022 85.0 395
1768289987397 86.0 400
1768289988774 79.0 405
1768289990148 82.0 410
1768289991520 82.0 415
1768289992895 83.0 420
1768289994263 91.0 425
1768289995641 93.0 430
1768289997013 91.0 435
1768289998389 92.0 440
1768289999763 92.0 445
1768290001138 93.0 450
1768290002512 94.0 455
1768290003904 96.0 460
1768290005283 98.0 465
1768290006669 102.0 470
