1768289873133 15.0 0
1768289875909 0.0 5
1768289877328 0.0 10
1768289878738 0.0 15
1768289880077 0.0 20
1768289881444 0.0 25
1768289882811 0.0 30
1768289884178 0.0 35
1768289885545 0.0 40
1768289886910 0.0 45
1768289888276 0.0 50
1768289889640 0.0 55
1768289891008 0.0 60
1768289892374 0.0 65
1768289893742 0.0 70
1768289895109 0.0 75
1768289896479 0.0 80
1768289897847 0.0 85
1768289899215 0.0 90
1768289900583 0.0 95
1768289901951 0.0 100
1768289903317 0.0 105
1768289904683 0.0 110
1768289906049 0.0 115
1768289908413 0.0 120
1768289909782 0.0 125
1768289911150 0.0 130
1768289912521 0.0 135
1768289913894 0.0 140
1768289915269 0.0 145
1768289916644 0.0 150
1768289918020 0.0 155
1768289919397 0.0 160
1768289920772 0.0 165
1768289922154 0.0 170
1768289923531 0.0 175
1768289924905 0.0 180
1768289926278 0.0 185
1768289927656 0.0 190
1768289929024 0.0 195
1768289930394 0.0 200
1768289931767 0.0 205
1768289933139 0.0 210
1768289934509 0.0 215
1768289935880 0.0 220
1768289937249 0.0 225
1768289938618 0.0 230
1768289940032 0.0 235
1768289941406 0.0 240
1768289942777 0.0 245
1768289944153 0.0 250
1768289945529 0.0 255
1768289946900 0.0 260
1768289948272 0.0 265
1768289949643 0.0 270
1768289951016 0.0 275
1768289952390 0.0 280
1768289953761 0.0 285
1768289955133 0.0 290
1768289956506 0.0 295
1768289957879 0.0 300
1768289959251 0.0 305
1768289960655 0.0 310
1768289962050 0.0 315
1768289963426 0.0 320
1768289964796 0.0 325
1768289968153 0.0 330
1768289969539 0.0 335
1768289970911 0.0 340
1768289972283 0.0 345
1768289973659 0.0 350
1768289975035 0.0 355
1768289976406 0.0 360
1768289977777 0.0 365
1768289979150 0.0 370
1768289980523 0.0 375
1768289981891 0.0 380
1768289983266 0.0 385
1768289984640 0.0 390
1768289986016 0.0 395
1768289987392 0.0 400
1768289988768 0.0 405
1768289990143 0.0 410
1768289991515 0.0 415
1768289992889 0.0 420
1768289994257 0.0 425
1768289995635 0.0 430
1768289997007 0.0 435
1768289998384 0.0 440
1768289999758 0.0 445
1768290001132 0.0 450
1768290002506 0.0 455
1768290003899 0.0 460
1768290005277 0.0 465
1768290006663 0.0 470
