1768289873147 11.0 0
1768289875929 0.0 5
1768289877349 0.0 10
1768289878746 0.0 15
1768289880086 0.0 20
1768289881452 0.0 25
1768289882820 0.0 30
1768289884186 0.0 35
1768289885553 0.0 40
1768289886918 0.0 45
1768289888284 0.0 50
1768289889649 0.0 55
1768289891016 0.0 60
1768289892383 0.0 65
1768289893750 0.0 70
1768289895118 0.0 75
1768289896488 0.0 80
1768289897856 0.0 85
1768289899223 0.0 90
1768289900592 0.0 95
1768289901960 0.0 100
1768289903326 0.0 105
1768289904692 0.0 110
1768289906058 0.0 115
1768289908422 0.0 120
1768289909791 1.0 125
1768289911159 3.0 130
1768289912530 4.0 135
1768289913903 5.0 140
1768289915278 5.0 145
1768289916653 5.0 150
1768289918029 5.0 155
1768289919406 5.0 160
1768289920781 5.0 165
1768289922163 5.0 170
1768289923540 3.0 175
1768289924914 3.0 180
1768289926287 3.0 185
1768289927665 3.0 190
1768289929033 3.0 195
1768289930404 3.0 200
1768289931777 2.0 205
1768289933148 1.0 210
1768289934518 1.0 215
1768289935890 1.0 220
1768289937259 1.0 225
1768289938628 1.0 230
1768289940042 1.0 235
1768289941416 1.0 240
1768289942787 1.0 245
1768289944163 1.0 250
1768289945538 1.0 255
1768289946910 1.0 260
1768289948282 1.0 265
1768289949653 1.0 270
1768289951026 0.0 275
1768289952400 0.0 280
1768289953771 0.0 285
1768289955143 0.0 290
1768289956516 0.0 295
1768289957889 0.0 300
1768289959262 0.0 305
1768289960665 0.0 310
1768289962061 0.0 315
1768289963436 0.0 320
1768289964806 0.0 325
1768289968163 0.0 330
1768289969550 0.0 335
1768289970921 0.0 340
1768289972294 0.0 345
1768289973670 0.0 350
1768289975045 0.0 355
1768289976416 0.0 360
1768289977787 0.0 365
1768289979160 0.0 370
1768289980533 0.0 375
1768289981902 0.0 380
1768289983277 0.0 385
1768289984650 0.0 390
1768289986027 0.0 395
1768289987402 0.0 400
1768289988779 0.0 405
1768289990154 0.0 410
1768289991526 0.0 415
1768289992900 0.0 420
1768289994268 0.0 425
1768289995646 0.0 430
1768289997019 0.0 435
1768289998395 0.0 440
1768289999769 0.0 445
1768290001143 0.0 450
1768290002518 0.0 455
1768290003910 0.0 460
1768290005288 0.0 465
1768290006674 0.0 470
